01 02 03 00 00 04 00 05 06 00 07
00 08 00 09 10 11 00 00 12 13 00
00 14 15 16 00 17 18 19 00 20 21
22 23 24 25 00 00 00 26 27 00 28
29 00 00 30 31 00 32 33 34 35 36
37 00 38 00 39 40 00 41 00 00 00
00 42 00 43 44 00 00 45 46 47 00 
48 49 50 51 00 52 53 00 54 00 00
55 00 00 56 00 57 58 59 00 60 00
00 61 62 63 64 00 00 65 66 67 68
69 70 00 00 71 72 73 00 74 75 00
2 0
3 8 0
0
11 0
6 0
7 12 0
21 0
14 0
10 16 0
11 0
17 0
13 27 0
20 0
15 23 0
24 0
0
18 0
19 0
26 0
21 0
28 0
23 29 0
24 0
25 38 0
30 0
27 33 0
28 0 
36 0
37 0
31 0
32 39 0
33 0
34 41 0
35 0
36 47 0
0
38 48 0
0
40 44 0
52 0
45 0
49 0
44 51 0
0
46 0
47 54 0
60 0
49 55 0
50 61 0
51 0
56 0
53 0
54 58 0
0
0
63 0
58 72 0
59 73 0
60 65 0
67 0
62 70 0
63 0
64 0
71 0
66 0
74 0
68 75 0
0
70 0
0
72 0
0
74 0
75 0
0

